


 17 18  0  0000  0  0  0  0  0999 V2000
    6.9119    0.0000    0.0000 Br  0  0  0  0  0  0  0  0  0  0  0
    4.6202   -3.9943    0.0000 Br  0  0  0  0  0  0  0  0  0  0  0
    9.2036   -3.9759    0.0000 Br  0  0  0  0  0  0  0  0  0  0  0
    0.0000   -3.9851    0.0000 Br  0  0  0  0  0  0  0  0  0  0  0
    4.6202   -1.3161    0.0000 O   0  0  0  0  0  0  0  0  0  0  0
    3.4513   -1.9972    0.0000 C   0  0  0  0  0  0  0  0  0  0  0
    5.7614   -1.9788    0.0000 C   0  0  0  0  0  0  0  0  0  0  0
    3.4513   -3.3225    0.0000 C   0  0  0  0  0  0  0  0  0  0  0
    6.9119   -1.3161    0.0000 C   0  0  0  0  0  0  0  0  0  0  0
    2.3009   -1.3253    0.0000 C   0  0  0  0  0  0  0  0  0  0  0
    5.7614   -3.3225    0.0000 C   0  0  0  0  0  0  0  0  0  0  0
    2.3009   -3.9851    0.0000 C   0  0  0  0  0  0  0  0  0  0  0
    8.0531   -1.9788    0.0000 C   0  0  0  0  0  0  0  0  0  0  0
    1.1504   -3.3225    0.0000 C   0  0  0  0  0  0  0  0  0  0  0
    8.0623   -3.3225    0.0000 C   0  0  0  0  0  0  0  0  0  0  0
    1.1504   -1.9972    0.0000 C   0  0  0  0  0  0  0  0  0  0  0
    6.9119   -3.9851    0.0000 C   0  0  0  0  0  0  0  0  0  0  0
  1  9  1  0
  2  8  1  0
  3 15  1  0
  4 14  1  0
  5  6  1  0
  5  7  1  0
  6  8  1  0
  6 10  2  0
  7  9  1  0
  7 11  2  0
  8 12  2  0
  9 13  2  0
 10 16  1  0
 11 17  1  0
 12 14  1  0
 13 15  1  0
 14 16  2  0
 15 17  2  0
M  END

> <StdInChI>
InChI=1S/C12H6Br4O/c13-7-1-3-11(9(15)5-7)17-12-4-2-8(14)6-10(12)16/h1-6H

> <StdInChIKey>
XYBSIYMGXVUVGY-UHFFFAOYSA-N

> <AuxInfo>
1/0/N:16,17,10,11,12,13,14,15,8,9,6,7,4,3,2,1,5/E:(1,2)(3,4)(5,6)(7,8)(9,10)(11,12)(13,14)(15,16)/rA:17nBrBrBrBrOCCCCCCCCCCCC/rB:;;;;s5;s5;s2s6;s1s7;d6;d7;d8;d9;s4s12;s3s13;s10d14;s11d15;/rC:6.9119,0,0;4.6202,-3.9943,0;9.2036,-3.9759,0;0,-3.9851,0;4.6202,-1.3161,0;3.4513,-1.9972,0;5.7614,-1.9788,0;3.4513,-3.3225,0;6.9119,-1.3161,0;2.3009,-1.3253,0;5.7614,-3.3225,0;2.3009,-3.9851,0;8.0531,-1.9788,0;1.1504,-3.3225,0;8.0623,-3.3225,0;1.1504,-1.9972,0;6.9119,-3.9851,0;

> <Formula>
C12 H6 Br4 O

> <Mw>
485.7914

> <SMILES>
BrC1=CC(=CC=C1OC1=CC=C(C=C1Br)Br)Br

> <CSID>
85876

$$$$
